1 0.5121006776379476 0.8552711961578586 0.14714424007744434 0.169174522316939
2 0.4903194578896418 0.6870365322982359 0.15392061955469508 0.1672948054023064
1 0.3538238141335915 0.5573360651885826 0.11519845111326234 0.11090329796332668
2 0.2415295256534366 0.3928608351582251 0.1248789932236205 0.09022641190236748
1 0.39206195546950634 0.45301177642647017 0.10454985479186832 0.1353396178535513
1 0.5929332042594385 0.5103431423227661 0.10164569215876092 0.0996249964755308
1 0.5948693126815102 0.3938006936155415 0.09970958373668921 0.12970046710965327
2 0.7110358180058083 0.39943984435943947 0.06098741529525654 0.07330895967067363
2 0.5116166505324299 0.20206956832301057 0.1907066795740561 0.1297004671096533
0 0.9051306873184899 0.17115866396541185 0.18973862536302036 0.24833148219919093
