2 0.09385418839118125 0.48428835489833644 0.08400209126724509 0.15896487985212573
2 0.1353367025972282 0.6561922365988909 0.06326083416422161 0.14417744916820702
2 0.21311641673356627 0.5314232902033271 0.11096572550117564 0.21996303142329013
2 0.3344527707862537 0.6903881700554527 0.06533495987452398 0.12014787430683924
2 0.32563773651746863 0.5831792975970425 0.045630765626651734 0.0979667282809612
0 0.3588237478823062 0.44639556377079487 0.09955803409451267 0.16081330868761548
0 0.4589003134043945 0.40942698706099817 0.0922985941084545 0.16081330868761548
2 0.4941604504795344 0.5711645101663586 0.07777971413633807 0.1293900184842883
0 0.46149297054227245 0.7735674676524954 0.3360083650689804 0.2975970425138634
0 0.6600905073037222 0.43715341959334564 0.1275587311835944 0.19408502772643252
0 0.885133146871527 0.37245841035120153 0.12963285689389664 0.18299445471349352
0 0.9063929354021261 0.633086876155268 0.089187405543001 0.1940850277264326
2 0.7565373528327813 0.6811460258780037 0.0922985941084545 0.1682070240295748
2 0.9245415353672716 0.5175600739371535 0.1441517368660132 0.0924214417744917
1 0.6580163815934199 0.5785582255083179 0.05703845703331453 0.07024029574861367
1 0.590088764581018 0.45656192236598897 0.045630765626651665 0.0850277264325323
1 0.6014964559876809 0.5425138632162662 0.05600139417816344 0.06469500924214408
1 0.07000174272270425 0.7763401109057301 0.09852097123936153 0.1478743068391867
0 0.27948843946324137 0.0822550831792976 0.542383873244064 0.1645101663585952
