0 0.36390942698706097 0.6404805914972275 0.18507393715341955 0.11645101663585948
0 0.6758317929759704 0.045286506469500935 0.15180221811460257 0.08317929759704253
0 0.8588262476894638 0.08502772643253234 0.13308687615526793 0.09242144177449169
0 0.9165318853974123 0.04621072088724585 0.1258086876155268 0.04805914972273568
2 0.8260743992606284 0.21811460258780038 0.12580868761552694 0.11460258780036967
2 0.563539741219963 0.8345656192236599 0.15180221811460257 0.06839186691312392
2 0.7751270794824399 0.8613678373382624 0.19651109057301297 0.11460258780036967
2 0.38938308687615525 0.8354898336414048 0.14244454713493526 0.11829944547134943
2 0.26877310536044363 0.7532347504621072 0.09045748613678377 0.07948243992606294
1 0.23862060998151569 0.42606284658040666 0.06134473197781887 0.06839186691312385
1 0.5734172828096118 0.2855822550831793 0.050947319778188456 0.10536044362292049
2 0.43461182994454717 0.4242144177449168 0.14556377079482438 0.11645101663585948
1 0.03067236598890943 0.9307866052426604 0.06134473197781886 0.06859724006018211
1 0.04522874306839187 0.12579584738683788 0.09045748613678374 0.03676320356273827
1 0.07330175600739372 0.09611829944547136 0.0696626617375231 0.06284658040665435
2 0.1959912199630314 0.12476894639556377 0.11333179297597046 0.07948243992606287
2 0.7314579482439926 0.12939001848428835 0.09461645101663578 0.051756007393715324
0 0.9528073012939001 0.14602587800369687 0.0943853974121997 0.08133086876155268
2 0.9045748613678373 0.732902033271719 0.08109981515711652 0.10166358595194097
2 0.8011206099815158 0.5767097966728282 0.09461645101663578 0.13678373382624756
0 0.6124075785582255 0.6746765249537893 0.23082255083179298 0.15157116451016633
2 0.5786159889094269 0.5951940850277263 0.12788817005545292 0.12199630314232898
0 0.5718576709796673 0.43438077634011096 0.09773567467652491 0.07393715341959343
0 0.48088031423290195 0.2929759704251386 0.06758317929759698 0.06839186691312381
