2 0.5459711097419045 0.8234750462107209 0.4292462517970836 0.23844731977818853
2 0.5472262157413113 0.5073937153419593 0.43175646379589694 0.13493530499075773
2 0.7241961616576528 0.41682070240295743 0.33385819584217624 0.10536044362292053
2 0.7643595536386664 0.3345656192236599 0.21838844389676182 0.07763401109057302
2 0.5171036717555509 0.3807763401109057 0.2660824718742155 0.08133086876155275
2 0.2359599278884553 0.43068391866913125 0.240980351886082 0.06284658040665433
2 0.22466397389379522 0.37985212569316085 0.16818420392049474 0.07578558225508317
2 0.14182697793295454 0.34565619223659894 0.16818420392049474 0.05545286506469502
2 0.04894913397686041 0.3827274555199247 0.09789826795372082 0.0589443495886163
2 0.3727664818237831 0.3345656192236599 0.11797996394422765 0.044362292051756
2 0.5346751557472444 0.3336414048059149 0.11044932794778753 0.07208872458410351
2 0.5848793957235117 0.30591497227356745 0.21587823189794852 0.07208872458410355
0 0.6589306496885056 0.2356746765249536 0.13304123593710768 0.07578558225508315
