0 0.36514461921203456 0.7153419593345656 0.28576535416594007 0.40665434380776333
0 0.10668573222195098 0.49353049907578567 0.20321091851800188 0.2809611829944547
2 0.702347737127844 0.7874306839186691 0.22607214685127708 0.29944547134935307
0 0.6140779943965868 0.43438077634011096 0.12065648287006375 0.17375231053604437
0 0.6680558946279311 0.30406654343807765 0.1752694172217766 0.14232902033271716
0 0.47691062439693566 0.28373382624768945 0.1409775747218638 0.11275415896487985
2 0.4197575535637476 0.38632162661737524 0.08001429916646323 0.09981515711645102
1 0.4978667503691046 0.5194085027726433 0.03810204722212532 0.09611829944547125
1 0.5588300259245051 0.6349353049907578 0.04318232018507537 0.0831792975970425
0 0.8490406189330265 0.6053604436229205 0.2705245352770899 0.18299445471349357
2 0.7658511491647195 0.4390018484288355 0.1320870970367011 0.10166358595194083
