0 0.3806886180644756 0.32162661737523107 0.24131081800808288 0.18114602587800369
0 0.13001660453021696 0.4833641404805913 0.2600332090604339 0.253234750462107
0 0.8957705441899809 0.8271719038817005 0.20845891162003824 0.26802218114602594
2 0.6615244838497446 0.4140480591497227 0.07905009555437204 0.11829944547134935
2 0.6058773771108117 0.2911275415896488 0.12377580751276654 0.13123844731977818
2 0.6537234875779316 0.22920517560073939 0.09257182242551465 0.10351201478743068
1 0.7712584980732479 0.07578558225508317 0.036404649268460786 0.04066543438077633
1 0.77853942792694 0.12846580406654343 0.038484914940944324 0.04621072088724583
2 0.4410163225664964 0.11737523105360444 0.06448823584698772 0.03512014787430683
2 0.48834236661549546 0.04713493530499076 0.04888624330336171 0.05730129390018484
