0 0.34659090909090906 0.6270833333333329 0.2045454545454546 0.17500000000000016
1 0.23106060606060605 0.8427083333333333 0.09090909090909087 0.13125
2 0.5596590909090909 0.9302083333333333 0.22727272727272735 0.12291666666666658
0 0.48390151515151514 0.48229166666666673 0.11363636363636374 0.09791666666666664
2 0.37642045454545453 0.37083333333333335 0.08617424242424249 0.09166666666666672
0 0.6264204545454543 0.5885416666666671 0.1695075757575754 0.1479166666666668
2 0.47537878787878785 0.3583333333333333 0.09280303030303023 0.04583333333333336
2 0.6268939393939393 0.2333333333333333 0.13636363636363627 0.04583333333333329
2 0.5970643939393939 0.43020833333333336 0.11837121212121218 0.08958333333333329
2 0.7485795454545454 0.5114583333333333 0.08996212121212124 0.08541666666666671
2 0.5833333333333334 0.33229166666666665 0.08522727272727267 0.05625
