2 0.419362292051756 0.5406654343807763 0.31192236598890943 0.27911275415896475
2 0.1705175600739372 0.8170055452865066 0.30776340110905737 0.22920517560073947
1 0.785351201478743 0.7689463955637709 0.2204251386321627 0.26247689463955637
1 0.8830868761552683 0.15619223659889095 0.10813308687615532 0.05730129390018483
2 0.8373382624768948 0.5083179297597042 0.19131238447319773 0.11090573012939003
2 0.6467190388170058 0.39371534195933455 0.173290203327172 0.10351201478743065
0 0.37915896487985223 0.17282809611829944 0.12892791127541592 0.0831792975970425
0 0.572550831792976 0.20332717190388172 0.16913123844731978 0.07763401109057302
0 0.6862292051756007 0.2717190388170055 0.1580406654343807 0.066543438077634
2 0.2543900184842883 0.12476894639556375 0.10951940850277253 0.10166358595194083
2 0.4443160813308688 0.09242144177449169 0.13447319778188543 0.05545286506469501
2 0.5600739371534197 0.07116451016635861 0.1358595194085028 0.06839186691312385
2 0.6716728280961184 0.09981515711645102 0.12892791127541586 0.04805914972273567
2 0.7208872458410351 0.19408502772643252 0.07486136783733827 0.08133086876155268
