0 0.5186070355822551 0.8512014787430684 0.2639065388170055 0.29759704251386326
0 0.6493328327171903 0.33918669131238444 0.14484172828096115 0.04990757855822551
2 0.5167658271719039 0.6303142329020333 0.15220656192236603 0.11829944547134928
2 0.7340284195933457 0.5674676524953789 0.12029228280961192 0.0850277264325323
2 0.8978959681146026 0.6367837338262476 0.1313395332717191 0.1275415896487985
2 0.5523625231053605 0.5 0.147296672828096 0.0831792975970425
2 0.5584998844731979 0.37985212569316074 0.10801756007393713 0.07208872458410348
2 0.7622602818853976 0.41866913123844735 0.16939117375231053 0.12754158964879855
2 0.3222114718114597 0.7162661737523108 0.10679008780036955 0.35674676524953824
2 0.39279112754158996 0.4371534195933451 0.1350219500924216 0.3012939001848426
