2 0.3784773567467652 0.6626617375231053 0.1610097042513864 0.1792975970425138
2 0.5363505083179299 0.5194085027726433 0.13800831792975976 0.20702402957486143
2 0.7104291820702403 0.6266173752310535 0.11814348428835487 0.13678373382624776
2 0.8609837107208872 0.7504621072088724 0.12441658964879863 0.2365988909426988
2 0.9354580637707949 0.5480591497227357 0.1290838724584104 0.16451016635859517
0 0.8633173521256932 0.3613678373382625 0.27336529574861373 0.1756007393715342
0 0.830906307763401 0.2033271719038817 0.3381873844731979 0.20702402957486135
0 0.3429297597042514 0.4630314232902033 0.17355591497227352 0.21256931608133087
0 0.11762072550831792 0.6155268022181146 0.23524145101663585 0.7689463955637708
2 0.21485385859519407 0.18299445471349352 0.1474179759704251 0.14787430683918668
0 0.6712222735674677 0.4926062846580407 0.0920055452865065 0.13123844731977813
2 0.331951825323475 0.05175600739371534 0.0951420979667283 0.10351201478743068
2 0.39520563770794825 0.03512014787430684 0.033456561922365895 0.07024029574861368
0 0.7318622920517561 0.06931608133086875 0.21746765249537908 0.1386321626617375
1 0.33456561922365985 0.8650646950092422 0.0940965804066543 0.13308687615526807
