2 0.2518829144480923 0.33271719038817005 0.12988661130576326 0.09611829944547136
2 0.32775126217342127 0.4029574861367837 0.09953927221563162 0.0924214417744917
2 0.3356415703368555 0.48336414048059156 0.07404750737992107 0.06839186691312385
2 0.45338924600656605 0.5443622920517561 0.10075316577923686 0.12754158964879855
2 0.41029602449857916 0.27911275415896486 0.1359560791237896 0.15526802218114605
2 0.5237950726956714 0.1922365988909427 0.11289210141528955 0.11460258780036968
0 0.6633928325102768 0.3650646950092421 0.2949761359560791 0.3715341959334566
2 0.7920655502524347 0.28650646950092423 0.06919193312550007 0.11090573012939002
2 0.9104201727039479 0.1700554528650647 0.06797803956189483 0.12939001848428835
2 0.8909978756862637 0.8345656192236599 0.10439484647005265 0.1275415896487985
2 0.18754655557701327 0.47134935304990755 0.08618644301597372 0.08872458410351186
2 0.1499158551052501 0.5277264325323475 0.08618644301597372 0.08687615526802205
2 0.11653378210610534 0.20794824399260625 0.14323944050542112 0.1275415896487985
2 0.04612795541700003 0.47412199630314233 0.087400336579579 0.0794824399260628
1 0.10196705934284216 0.7606284658040664 0.06555025243468425 0.10536044362292046
1 0.18390487488619747 0.6432532347504621 0.06919193312550002 0.09611829944547132
1 0.1195685160151185 0.6164510166358594 0.06433635887107898 0.060998151571164595
2 0.28465804066543443 0.06007393715341958 0.06433635887107897 0.06839186691312384
2 0.1553783761414738 0.036968576709796676 0.1043948464700527 0.07393715341959335
2 0.49162689326013187 0.059149722735674676 0.11167820785168431 0.07763401109057302
2 0.606946781802632 0.08317929759704251 0.07526140094352635 0.08133086876155268
2 0.7605043175986979 0.0711645101663586 0.07404750737992118 0.057301293900184846
2 0.832730984633211 0.0757855822550832 0.041272381162578996 0.055452865064695024
0 0.6196926642204873 0.7587800369685767 0.37752089828123714 0.44547134935304983
0 0.8740033657957901 0.6164510166358594 0.21364526719452642 0.2680221811460259
0 0.9333600022070792 0.3530499075785582 0.13327999558584153 0.15526802218114605
1 0.1141059949788948 0.37892791127541586 0.07526140094352636 0.05914972273567464
1 0.140204706596408 0.29205175600739375 0.032775126217342125 0.05175600739371536
1 0.29072750848346074 0.25693160813308685 0.042486274726184235 0.04805914972273566
1 0.3823764725356581 0.18114602587800369 0.053411316798631606 0.08502772643253236
2 0.3981570888625266 0.11090573012939003 0.06797803956189483 0.08872458410351204
1 0.22881893673959225 0.10998151571164509 0.052197423235026366 0.06099815157116451
2 0.811487847270119 0.9593345656192236 0.07161972025271054 0.08133086876155275
