0 0.21162943701243772 0.48336414048059156 0.14693442777029353 0.12384473197781885
0 0.4062627275290579 0.411275415896488 0.10855603245715713 0.05360443622920521
0 0.479181678624017 0.47042513863216273 0.09210814875152729 0.07948243992606287
2 0.6595601365957581 0.48243992606284664 0.1568031579936716 0.11090573012939003
2 0.03783013252294871 0.5879030562592963 0.07566026504589742 0.10741424560546882
2 0.8339077038754346 0.3918669131238447 0.10197687897490525 0.07393715341959328
2 0.6063786459475546 0.3632162661737523 0.21491901375356362 0.08687615526802218
0 0.3837839531313637 0.8659889094269869 0.1907954509853067 0.21626617375231047
0 0.1458379021899182 0.8086876155268021 0.21053291143206238 0.21996303142329013
0 0.31031673924621694 0.7282809611829945 0.17983019518155327 0.21072088724584107
0 0.45231680190482154 0.6044362292051756 0.17654061844042737 0.16266173752310542
0 0.6052821203671793 0.7014787430683919 0.212725962592813 0.2569316081330868
