2 0.43201247689463956 0.8530499075785581 0.16531885397412205 0.2939001848428835
2 0.7512130314232902 0.6608133086876156 0.34831330868761556 0.29020332717190395
2 0.39146256931608137 0.47412199630314233 0.16739833641404803 0.16081330868761554
2 0.5380660813308689 0.3983364140480592 0.11125231053604438 0.11275415896487978
2 0.43357208872458414 0.32347504621072093 0.09773567467652498 0.07393715341959335
2 0.6373613678373382 0.2680221811460259 0.11645101663585962 0.09242144177449166
2 0.41485674676524953 0.2236598890942699 0.09149722735674679 0.05175600739371536
2 0.47724121996303154 0.26062846580406657 0.10189463955637713 0.05175600739371536
2 0.38626386321626627 0.17929759704251388 0.10917282809611827 0.06284658040665436
1 0.05042744916820702 0.5360443622920518 0.0862985212569316 0.088724584103512
1 0.6181261552680222 0.8401109057301294 0.1174907578558225 0.12384473197781885
