2 0.5261909458646581 0.9075785582255083 0.22609767205122025 0.1848428835489834
2 0.18087813764097618 0.4695009242144178 0.1993770380815306 0.15526802218114605
2 0.04881654282924073 0.8918669131238448 0.09763308565848146 0.2162661737523105
2 0.21941751355879785 0.9426987060998152 0.12640915301045497 0.11460258780036967
1 0.18396128771440193 0.709796672828096 0.08632820205592047 0.1367837338262477
1 0.29546854870329914 0.6256931608133087 0.06680158492422411 0.0831792975970425
1 0.1387417533041579 0.6182994454713494 0.05960756808623076 0.049907578558225654
1 0.3350356413122627 0.2948243992606285 0.03494236749882496 0.04621072088724585
1 0.2004047547726725 0.23752310536044363 0.061663001468514625 0.05730129390018483
0 0.774914214880461 0.3290203327171904 0.45017157023907806 0.21072088724584107
0 0.7959824070488701 0.6007393715341959 0.4080351859022592 0.19963031423290167
2 0.9408904604998795 0.8798521256931607 0.11821907900024115 0.19223659889094263
0 0.5369819711216481 0.07948243992606284 0.23740255565378135 0.15896487985212568
2 0.5040950370051069 0.6756007393715342 0.1901275878612534 0.17190388170055448
1 0.03185921742539922 0.21719038817005548 0.06371843485079844 0.10536044362292049
