2 0.4806786333625691 0.44362292051756 0.16489299396903662 0.12199630314232898
2 0.7643153242464151 0.5129390018484288 0.1617818054035831 0.11275415896487985
2 0.8384653183897243 0.6469500924214419 0.13378110831450143 0.11460258780036973
0 0.25252480522931087 0.7652495378927913 0.4635670962525748 0.4695009242144177
0 0.16904124538964138 0.35315259415208744 0.33808249077928276 0.1998356873799604
2 0.24578389667082828 0.533271719038817 0.1389664225902574 0.11645101663585951
2 0.30178529084899164 0.4482439926062846 0.07881677699148922 0.07578558225508317
2 0.6336454044973673 0.3327171903881701 0.04148251420604694 0.03327171903881705
2 0.9520237010287776 0.5425138632162662 0.07259439986058211 0.09426987060998152
2 0.9538507029457728 0.6423290203327171 0.0922985941084545 0.09796672828096117
2 0.7928345527630725 0.40757855822550837 0.0674090855848263 0.06469500924214422
2 0.7093509929234031 0.3530499075785582 0.04355663991634927 0.044362292051756
2 0.6315712787870649 0.5194085027726433 0.10992866264602441 0.11829944547134928
2 0.6097929588288903 0.4140480591497227 0.08918740554300093 0.05914972273567472
1 0.41119542206744053 0.34195933456561917 0.07777971413633807 0.05914972273567464
