2 0.11645101663585955 0.8280961182994454 0.09773567467652498 0.17005545286506474
2 0.21002772643253237 0.8881700554528649 0.07694085027726434 0.11275415896487985
2 0.3514325323475046 0.8863216266173753 0.1268484288354898 0.1386321626617375
2 0.44240988909426987 0.7578558225508317 0.09461645101663592 0.09981515711645116
2 0.313481977818854 0.7384473197781886 0.0883780036968577 0.0794824399260628
2 0.3519524029574862 0.5286506469500925 0.05926524953789276 0.07393715341959335
2 0.4242144177449168 0.5462107208872459 0.06862292051756015 0.05360443622920521
2 0.46060536044362294 0.5841035120147875 0.04782809611829947 0.06284658040665442
2 0.5640596118299448 0.7698706099815158 0.08213955637707947 0.1053604436229206
2 0.48919824399260636 0.8881700554528651 0.11333179297597042 0.10536044362292046
2 0.6300831792975972 0.9417744916820702 0.09773567467652505 0.11645101663585962
0 0.7642097966728281 0.724584103512015 0.3015249537892792 0.2698706099815158
0 0.9339764325323475 0.8946395563770796 0.13204713493530507 0.21072088724584107
0 0.5177911275415896 0.5268022181146026 0.12476894639556377 0.12939001848428838
2 0.6477587800369686 0.4242144177449168 0.08941774491682075 0.08687615526802218
