2 0.35489279112754163 0.8761552680221811 0.12067652495378926 0.1922365988909428
2 0.5125508317929759 0.7236598890942699 0.2257818853974122 0.16451016635859517
0 0.266007393715342 0.6081330868761553 0.2361626617375231 0.12199630314232905
2 0.07331423290203327 0.48890942698706097 0.09991497227356745 0.09057301293900182
2 0.17193160813308686 0.5073937153419593 0.07655822550831794 0.06469500924214415
2 0.2731441774491682 0.411275415896488 0.1388428835489833 0.04990757855822551
2 0.3724103512014787 0.45009242144177447 0.1868539741219963 0.11275415896487985
2 0.41912384473197783 0.5739371534195934 0.0934269870609981 0.11645101663585955
2 0.7415767097966728 0.5184842883548982 0.10510536044362297 0.09796672828096113
2 0.9574029574861368 0.5240295748613678 0.08519408502772635 0.13123844731977827
2 0.7487134935304991 0.3632162661737523 0.08045101663585953 0.04990757855822551
2 0.8019149722735675 0.4510166358595194 0.07007024029574865 0.08133086876155275
2 0.6942144177449169 0.4038817005545286 0.09083179297597041 0.09426987060998152
