2 0.3735750172300844 0.800369685767098 0.0955776522761976 0.13308687615526807
2 0.457847785903721 0.6099815157116452 0.09352221889391373 0.12199630314232912
2 0.5827153638774631 0.699630314232902 0.09866080234962339 0.12384473197781887
2 0.7625657848272973 0.5841035120147875 0.08632820205592054 0.08133086876155275
2 0.7728429517387164 0.677449168207024 0.06988473499764992 0.09426987060998143
2 0.6798345911903735 0.6164510166358594 0.09352221889391373 0.14602587800369682
2 0.07142631003436276 0.8752310536044362 0.12640915301045497 0.15341959334565616
0 0.4861099949101235 0.2615526802218115 0.17265640411184102 0.1940850277264325
1 0.7620519264817264 0.20425138632162665 0.04830268448366979 0.07578558225508321
1 0.755371767989304 0.36598890942698703 0.06782930161536598 0.07763401109057305
1 0.6952503415575023 0.47227356746765253 0.08118961860021087 0.06839186691312385
2 0.8314228031338052 0.5452865064695009 0.04316410102796013 0.06284658040665433
2 0.2199313719043688 0.34935304990757854 0.06988473499764992 0.05545286506469495
2 0.15056049525228984 0.3927911275415897 0.04624725110138595 0.07578558225508317
0 0.03597008418996686 0.40768124479903745 0.07194016837993372 0.44896283387697117
2 0.8828086376909009 0.6423290203327171 0.09043906882048816 0.0979667282809612
