1 0.8696128314489809 0.4981515711645102 0.26077433710203807 0.10905730129390015
1 0.2965334883488022 0.37430683918669133 0.21080579740436176 0.07948243992606287
1 0.5059339137704683 0.3096118299445471 0.3372892758469789 0.07208872458410348
2 0.19675207757740426 0.2523105360443623 0.36539671550089364 0.08687615526802218
1 0.30637109222767234 0.18761552680221816 0.38226117929324277 0.06469500924214436
1 0.5747971409225597 0.2365988909426987 0.22767026119671072 0.05545286506469502
1 0.8263587258250982 0.27634011090573013 0.1292942224080086 0.07208872458410351
1 0.050593391377046826 0.3392893778859137 0.10118678275409365 0.049702205411167065
1 0.9567458943761171 0.2920517560073937 0.0865082112477657 0.07024029574861367
2 0.9286384547222022 0.17282809611829944 0.14272309055559546 0.08687615526802217
