2 0.8352312057384969 0.7402957486136785 0.19921042422582785 0.1053604436229206
2 0.9187543263123464 0.8826247689463956 0.14214493811947093 0.0979667282809612
2 0.31489772787780596 0.9325323475046211 0.1504453724622137 0.12014787430683924
0 0.6432836615625689 0.5212569316081331 0.30919117926717027 0.18114602587800369
0 0.2905152019959989 0.5942698706099815 0.3423929166381416 0.16081330868761554
0 0.5379719008390195 0.6571164510166357 0.2770269961890418 0.16081330868761548
0 0.8907403604055895 0.5508317929759704 0.15667069821927085 0.17375231053604437
1 0.25575713318576326 0.775415896487985 0.08404189772027118 0.09426987060998168
1 0.3538060138594129 0.788354898336414 0.08715456059879961 0.10166358595194083
1 0.19454142990803497 0.7597042513863217 0.05291526893498549 0.05914972273567457
