2 0.47870280735721205 0.6851568153836033 0.18877057115198453 0.17105423923157176
2 0.5150048402710552 0.84211317775543 0.12971926427879965 0.11654244870722465
1 0.5890609874152953 0.532899745298358 0.08228460793804451 0.12594103328038805
2 0.7226524685382381 0.4069587120179701 0.10164569215876085 0.1672948054023064
2 0.5851887705711519 0.38440210904237815 0.08809293320425937 0.11466273179259197
2 0.3596321393998063 0.544178046786154 0.15392061955469508 0.09210612881700023
1 0.22313649564375607 0.38158253367042927 0.12875121006776377 0.13533961785355128
1 0.3843175217812197 0.4520719179691538 0.10454985479186839 0.09586556264626545
1 0.48499515972894486 0.5103431423227661 0.08131655372700877 0.0996249964755308
2 0.5145208131655372 0.19924999295106158 0.13843175217812187 0.09398584573163284
0 0.8959341723136496 0.13909905168281658 0.19845111326234274 0.15413678699987782
