0 0.7727346747536618 0.7513863216266173 0.2989369391504084 0.33086876155268025
2 0.5996051733152014 0.4408502772643253 0.16735851805717836 0.1016635859519409
2 0.5476663228836628 0.3031423290203328 0.08887314407174361 0.08502772643253217
2 0.21698897513620374 0.6460258780036969 0.1038777008630763 0.11275415896487985
2 0.1915966482585629 0.4963031423290203 0.17312950143846045 0.07578558225508317
2 0.16966691140969126 0.5508317929759704 0.10849448756810187 0.05914972273567464
2 0.09118153742425583 0.4473197781885398 0.08771894739548663 0.09242144177449163
2 0.16908981307156304 0.3530499075785582 0.09118153742425582 0.07393715341959332
2 0.22391415519374216 0.4242144177449168 0.06463501387035855 0.042513863216266184
2 0.038088490316461304 0.624871632969093 0.07617698063292261 0.1185048186184077
0 0.5684418630562784 0.8576709796672827 0.25276907210015226 0.28465804066543443
2 0.8812291623217636 0.9408502772643252 0.10964868424435821 0.11829944547134943
2 0.4368634419630485 0.4085027726432533 0.08425635736671737 0.05914972273567464
1 0.4512909004162536 0.466728280961183 0.06463501387035855 0.05360443622920513
1 0.2758530056252803 0.367837338262477 0.06694340722287141 0.06654343807763403
1 0.3427964128481517 0.46210720887245843 0.06694340722287137 0.06284658040665433
