2 0.6149106592729514 0.7957486136783732 0.17744916820702397 0.2273567467652495
1 0.43438077634011096 0.9158964879852125 0.09488601355514482 0.13123844731977813
1 0.8311768330252619 0.6617375231053605 0.09242144177449163 0.07763401109057298
1 0.9014171287738756 0.8179297597042513 0.15157116451016647 0.1275415896487985
1 0.6808379544054222 0.6792975970425138 0.10227972889710416 0.09057301293900182
0 0.5077017868145409 0.5628465804066544 0.3179297597042513 0.2273567467652495
1 0.30252618607516946 0.7134935304990759 0.07270486752926683 0.05914972273567486
1 0.3807763401109057 0.722735674676525 0.054220579174368455 0.05545286506469495
1 0.403573629081947 0.7957486136783735 0.052988293284041886 0.06839186691312378
1 0.0696241528034504 0.7874306839186691 0.07516943930991989 0.09981515711645102
2 0.29020332717190384 0.6293900184842883 0.10720887245841029 0.17929759704251388
