2 0.48613678373382624 0.6053604436229205 0.25138632162661734 0.201478743068392
2 0.621996303142329 0.366913123844732 0.23105360443622922 0.12754158964879853
2 0.13401109057301294 0.4030601727103129 0.2680221811460259 0.12179092999527065
2 0.1053604436229205 0.5804066543438079 0.17005545286506468 0.15526802218114605
2 0.47227356746765253 0.8844731977818853 0.47504621072088726 0.23105360443622927
2 0.14879852125693163 0.24953789279112754 0.14972273567467653 0.05545286506469502
2 0.34750462107208874 0.1756007393715342 0.15526802218114605 0.06654343807763402
2 0.39463955637707954 0.29852125693160814 0.2680221811460259 0.060998151571164526
2 0.787430683918669 0.2855822550831793 0.11829944547134928 0.06469500924214419
2 0.6876155268022182 0.1848428835489834 0.1959334565619222 0.05175600739371536
2 0.5462107208872459 0.1756007393715342 0.12384473197781887 0.036968576709796676
2 0.4842883548983364 0.09519408502772643 0.11090573012939003 0.04990757855822551
2 0.733826247689464 0.08040665434380777 0.11829944547134943 0.03512014787430684
