2 0.48956664612856854 0.6247689463955638 0.1872116108715 0.10720887245841042
2 0.3379749435202301 0.8364140480591498 0.36779626206613275 0.18299445471349343
2 0.30318340521667697 0.55452865064695 0.20874922982131858 0.09981515711645109
2 0.2526528376805641 0.4658040665434381 0.3064968850551105 0.10351201478743065
2 0.7099130553844047 0.45378927911275413 0.1341959334565618 0.12014787430683917
2 0.5831724515643185 0.2809611829944547 0.12922571369891137 0.08502772643253237
2 0.850735948517834 0.2855822550831793 0.22034640925583632 0.1534195933456562
1 0.7596152529609091 0.15064695009242146 0.08118025604162397 0.04621072088724585
1 0.8002053809817212 0.19316081330868762 0.12922571369891145 0.020332717190388153
1 0.7256520846169646 0.08964879852125694 0.07952351612240705 0.060998151571164526
