1 0.22359372131840363 0.6136783733826248 0.06003338271014677 0.044362292051756
1 0.5133466807255403 0.6155268022181146 0.06370889593729856 0.0924214417744917
1 0.29404105817214726 0.41312384473197783 0.05145718518012576 0.03512014787430687
1 0.2615740246656393 0.8521256931608133 0.09188783067879605 0.12569316081330867
1 0.5010949699683676 0.8170055452865066 0.09311300175451337 0.12199630314232891
1 0.6701685784173523 0.9094269870609982 0.10781505466312055 0.17005545286506474
1 0.9545384690911107 0.8900184842883547 0.09092306181777797 0.16081330868761592
1 0.6695559928794935 0.6968576709796673 0.08943748852736136 0.11829944547134943
1 0.7289767900517817 0.6497227356746765 0.08821231745164425 0.10536044362292046
1 0.7834969029212008 0.7467652495378927 0.09923885713309971 0.07763401109057298
1 0.8312785748741746 0.6571164510166357 0.07718577777018865 0.06839186691312378
1 0.7056985396131533 0.5166358595194085 0.04900684302869109 0.0979667282809612
1 0.6701685784173523 0.588724584103512 0.11026539681455517 0.07208872458410355
1 0.6138107089343573 0.6404805914972274 0.07351026454303672 0.09426987060998158
1 0.5562276683756453 0.5415896487985212 0.04165581657438757 0.07024029574861367
1 0.6064596824800538 0.5073937153419593 0.03920547442295295 0.04990757855822551
1 0.48394257490832565 0.5369685767097967 0.06860958024016767 0.0573012939001849
1 0.4061442116002783 0.5591497227356746 0.06493406701301588 0.03881700554528649
1 0.32528292060293784 0.5221811460258781 0.045331329801539366 0.042513863216266184
1 0.34856117104156625 0.6589648798521257 0.08453680422449232 0.07578558225508324
2 0.10965281127669657 0.6146025878003697 0.08208646207305775 0.06839186691312378
1 0.07902353438376457 0.7088724584103511 0.07473543561875409 0.08317929759704257
1 0.2064413262583617 0.5184842883548983 0.08698714637592687 0.042513863216266115
1 0.4937439435140639 0.4704251386321626 0.04900684302869116 0.03881700554528649
1 0.4404490017203622 0.42051756007393715 0.03552996119580115 0.02402957486136785
1 0.9029510828036355 0.5499075785582255 0.04900684302869138 0.07948243992606287
1 0.6517910122815931 0.4417744916820703 0.05880821163442945 0.04066543438077631
1 0.2793390052635399 0.6155268022181146 0.04165581657438756 0.07763401109057304
