2 0.6092883548983363 0.8243992606284658 0.2093345656192237 0.3364140480591499
2 0.7423752310536045 0.710720887245841 0.14001848428835487 0.18299445471349374
2 0.35836414048059145 0.655268022181146 0.0651571164510166 0.09057301293900188
2 0.31469500924214416 0.5129390018484288 0.08040665434380781 0.1349353049907579
1 0.39787430683918673 0.49722735674676527 0.044362292051756 0.07393715341959328
1 0.5046210720887245 0.8558225508317929 0.07208872458410348 0.09981515711645116
2 0.5143253234750462 0.5203327171903882 0.07763401109057298 0.17560073937153425
2 0.15457486136783732 0.8456561922365988 0.2176524953789279 0.3049907578558226
2 0.9200554528650647 0.934380776340111 0.15988909426987064 0.13123844731977813
2 0.6890018484288356 0.5194085027726433 0.088724584103512 0.10351201478743072
