2 0.20462046204620463 0.5137306183448533 0.17821782178217824 0.09198224404650703
2 0.323982398239824 0.3728216487416936 0.18371837183718373 0.1232953484027648
1 0.26512651265126513 0.29062474980651704 0.0924092409240924 0.06066913969024931
1 0.14741474147414743 0.3395514753631697 0.08800880088008803 0.04501258751212042
2 0.030803080308030802 0.6253922745232442 0.061606160616061605 0.1391693443993388
2 0.8267326732673268 0.25833311093912625 0.2211221122112211 0.16047965982582088
2 0.46479647964796483 0.19962104027114302 0.15951595159515952 0.1409089696031598
0 0.44994499449944997 0.09296077855764012 0.17821782178217824 0.08415396795744262
1 0.6677667766776676 0.10274612366897067 0.09020902090209021 0.06066913969024936
1 0.678217821782178 0.14384457313655893 0.056105610561056236 0.037184311423056046
2 0.754125412541254 0.03816284593418911 0.15511551155115513 0.0489267255566527
2 0.5654565456545655 0.03914138044532216 0.15181518151815176 0.058712070667983236
0 0.6600660066006594 0.6995899050821522 0.6710671067106704 0.6008201898356946
