2 0.6629490078950937 0.822550831792976 0.2882386990848233 0.2809611829944548
2 0.6432274126945531 0.5009242144177449 0.257897783391684 0.1737523105360443
2 0.750179140512869 0.4038817005545286 0.1956989062207485 0.10166358595194076
2 0.7729348272827236 0.30961182994454717 0.15018753268103965 0.09057301293900184
2 0.6212302488170272 0.3521256931608134 0.21086936406731824 0.09796672828096124
2 0.44221884622750524 0.4297597042513863 0.1077102507106445 0.08317929759704257
2 0.08267899526380457 0.7402957486136785 0.128948891695842 0.12754158964879836
2 0.3284404123782329 0.37985212569316085 0.0621988771709356 0.04251386321626626
2 0.3936733811184823 0.33271719038817005 0.09253979286407485 0.051756007393715324
2 0.44146032333517665 0.37430683918669133 0.08798865551010401 0.04990757855822551
