2 0.4361714417744917 0.7218114602587801 0.22354436229205177 0.14972273567467653
2 0.5105129390018485 0.5785582255083179 0.16012014787430687 0.08872458410351207
2 0.6389209796672829 0.6386321626617375 0.17779574861367847 0.09426987060998152
2 0.6643946395563772 0.7929759704251387 0.24329944547134932 0.2365988909426987
2 0.7829251386321627 0.709796672828096 0.06446395563770807 0.048059149722735554
2 0.27137245841035124 0.9168207024029575 0.1518022181146026 0.11090573012939003
2 0.05510628465804066 0.8975148862038435 0.11021256931608132 0.15732182416369425
2 0.11645101663585951 0.6386321626617375 0.09149722735674676 0.0757855822550831
0 0.6950670055452864 0.533271719038817 0.16947781885397398 0.08687615526802218
2 0.856746765249538 0.6608133086876156 0.08317929759704241 0.10905730129390015
