2 0.36702865064695006 0.6441774491682071 0.18091497227356748 0.12014787430683932
2 0.5671788354898336 0.822550831792976 0.12788817005545283 0.10351201478743065
2 0.7740873382624769 0.8364140480591498 0.1611598890942699 0.10536044362292046
2 0.598890942698706 0.6792975970425138 0.14140480591497223 0.14232902033271713
2 0.3862638632162662 0.8280961182994454 0.10085489833641403 0.0961182994454714
2 0.26461414048059145 0.7523105360443623 0.12372920517560072 0.07393715341959335
1 0.4798405730129389 0.7402957486136783 0.06550369685767095 0.05730129390018476
2 0.4351317005545286 0.44547134935304994 0.14660351201478733 0.08872458410351193
0 0.6898682994454713 0.05360443622920518 0.17987523105360437 0.07393715341959335
0 0.8577865064695009 0.10258780036968577 0.13724584103512016 0.10905730129390019
0 0.828673752310536 0.2088724584103512 0.1434842883548984 0.08133086876155268
0 0.7980013863216265 0.5591497227356746 0.1174907578558225 0.16451016635859517
1 0.5760166358595193 0.4408502772643253 0.04574861367837336 0.05730129390018483
1 0.5697781885397412 0.2846580406654344 0.05614602587800363 0.044362292051756
2 0.4746418669131238 0.2874306839186691 0.04678835489833645 0.060998151571164526
1 0.23446164510166356 0.42329020332717193 0.05926524953789279 0.07393715341959335
