1 0.2185426597918085 0.6903881700554528 0.17301293900184844 0.11645101663585955
1 0.4006615429516489 0.7458410351201479 0.12444790349255762 0.16081330868761554
1 0.4408794629827804 0.45656192236598886 0.08650646950092415 0.11829944547134935
1 0.5797451113921587 0.4473197781885398 0.08498881214125888 0.06284658040665442
1 0.693569413367059 0.42144177449168213 0.09105944157992013 0.07763401109057305
1 0.8096702013814573 0.6062846580406654 0.09257709893958549 0.11090573012939003
1 0.6366572623796088 0.6404805914972274 0.16845996692285234 0.10166358595194076
1 0.47123261017608714 0.9048059149722735 0.11685961669423094 0.1053604436229206
1 0.9121120731588676 0.9066543438077633 0.10320070045724293 0.18299445471349357
1 0.6169277167039595 0.5295748613678374 0.08954178422025492 0.06839186691312392
1 0.6199630314232901 0.3243992606284658 0.062223951746278774 0.04990757855822551
