2 0.8791012014787429 0.8964879852125693 0.24018022181146023 0.2070240295748613
2 0.6092883548983363 0.7624768946395564 0.17467652495378921 0.21626617375231064
2 0.3228396487985213 0.8068391866913123 0.16323937153419596 0.38632162661737524
2 0.381065157116451 0.5646950092421442 0.13204713493530496 0.12384473197781887
1 0.4865988909426987 0.6155268022181146 0.07902033271719042 0.06654343807763397
1 0.9581215341959335 0.6663585951940851 0.06758317929759698 0.0757855822550833
2 0.7980013863216265 0.7051756007393715 0.12164972273567458 0.13123844731977827
2 0.7148220887245842 0.5526802218114603 0.14660351201478747 0.11090573012939003
2 0.546384011090573 0.5203327171903882 0.11333179297597035 0.14232902033271722
2 0.36858826247689463 0.42329020332717193 0.13620609981515716 0.12939001848428838
0 0.1356862292051756 0.3734853113424756 0.2713724584103512 0.19942494108584366
1 0.0961760628465804 0.7005545286506469 0.15492144177449166 0.17375231053604437
2 0.4923174676524954 0.4048059149722736 0.08421903881700551 0.07763401109057298
2 0.6176062846580407 0.43345656192236603 0.08941774491682068 0.07578558225508324
2 0.509993068391867 0.33733826247689463 0.05094731977818853 0.03881700554528649
