2 0.08733826247689463 0.6524953789279112 0.17467652495378927 0.2365988909426988
2 0.7574514787430684 0.4158964879852126 0.1590804066543437 0.12569316081330867
1 0.10449399260628468 0.9593345656192236 0.09461645101663589 0.08133086876155275
1 0.46320471349353054 0.4981515711645102 0.0904574861367837 0.10536044362292053
1 0.5749768946395564 0.48890942698706097 0.08733826247689472 0.09057301293900182
1 0.3571511090573013 0.4085027726432533 0.07798059149722732 0.10351201478743072
1 0.2542167282809612 0.42698706099815154 0.10085489833641403 0.06654343807763403
2 0.8551871534195934 0.2365988909426987 0.12372920517560075 0.12569316081330867
0 0.8155614602587801 0.7846580406654344 0.36887707948243986 0.43068391866913125
0 0.44500924214417753 0.7726432532347505 0.33895563770794823 0.35859519408502777
0 0.9288932532347505 0.43992606284658037 0.14221349353049903 0.25138632162661745
0 0.6638747689463956 0.30591497227356745 0.24849815157116445 0.10905730129390019
2 0.4980360443622921 0.39926062846580407 0.09981515711645102 0.036968576709796676
1 0.4855591497227357 0.33271719038817005 0.05822550831792981 0.044362292051756035
2 0.5214302218114603 0.21626617375231055 0.14660351201478747 0.07763401109057302
0 0.6747920517560074 0.1487985212569316 0.1788354898336416 0.06099815157116449
2 0.7226201478743068 0.2236598890942699 0.08525878003696846 0.059149722735674676
2 0.05198706099815158 0.4418771782555994 0.10397412199630315 0.1258985339603671
1 0.1445240295748614 0.4547134935304991 0.07486136783733828 0.06654343807763397
