2 0.4290665434380776 0.7162661737523106 0.21487985212569313 0.10905730129390022
2 0.6508780036968577 0.8345656192236598 0.13724584103512016 0.10905730129390022
2 0.5850277264325324 0.6349353049907579 0.1192236598890944 0.06839186691312385
0 0.6252310536044361 0.47966728280961185 0.14972273567467645 0.0794824399260628
2 0.7312846580406653 0.5231053604436229 0.1122920517560074 0.036968576709796676
2 0.5385859519408502 0.5767097966728281 0.10674676524953795 0.05545286506469509
2 0.4339186691312385 0.6072088724584103 0.10536044362292053 0.06469500924214422
2 0.4158964879852125 0.5036968576709796 0.08872458410351207 0.05730129390018483
2 0.08248613678373382 0.6664612817676142 0.16497227356746763 0.10515507047586219
2 0.16497227356746766 0.5609981515711645 0.15249537892791126 0.07948243992606287
2 0.2814232902033272 0.47597042513863214 0.17467652495378927 0.09057301293900188
2 0.5184842883548982 0.44269870609981515 0.10258780036968573 0.042513863216266115
2 0.5073937153419593 0.38909426987060997 0.05545286506469509 0.02402957486136792
0 0.28766173752310537 0.40665434380776333 0.14279112754158962 0.03327171903881698
