1 0.2871226124460875 0.7218114602587801 0.10597658656808374 0.06839186691312392
1 0.31300061614294516 0.6173752310536045 0.0837954405422058 0.05175600739371539
0 0.36722119531731356 0.45841035120147866 0.1577325939617991 0.05175600739371539
0 0.33148490449784346 0.42513863216266173 0.08133086876155261 0.048059149722735624
2 0.4460874922982132 0.789279112754159 0.2612446087492298 0.15526802218114596
1 0.6395563770794824 0.688539741219963 0.06161429451632785 0.09057301293900168
1 0.6925446703635245 0.5748613678373382 0.05914972273567472 0.05914972273567464
1 0.37954405422057924 0.5055452865064695 0.06407886629698091 0.03881700554528649
1 0.8564386937769564 0.46857670979667276 0.05668515095502144 0.05360443622920521
1 0.7775723967960567 0.38354898336414045 0.06161429451632785 0.04990757855822551
1 0.8687615526802219 0.655268022181146 0.07147258163894023 0.06839186691312385
