2 0.36823468460359765 0.8105360443622922 0.1551758202677367 0.1386321626617375
2 0.4895427663208363 0.7513863216266173 0.08744034316674068 0.12384473197781887
2 0.8534670114725523 0.7957486136783735 0.14532338723486454 0.13123844731977813
2 0.7401640315945224 0.7264325323475046 0.08867189729584979 0.08872458410351214
2 0.5714411159065863 0.5970425138632163 0.08128257252119539 0.07024029574861367
2 0.43104394518815775 0.5914972273567468 0.11083987161981199 0.09242144177449163
2 0.22537440562695102 0.589648798521257 0.0714301394883233 0.05914972273567464
2 0.28448900382418413 0.6293900184842883 0.06404081471366918 0.05360443622920513
2 0.29003099740517474 0.49445471349353054 0.050493719293469894 0.06839186691312385
2 0.418112626832513 0.4926062846580406 0.08005101839208642 0.06839186691312385
2 0.3534560350542894 0.4408502772643253 0.039409732131488726 0.03142329020332717
2 0.6841283187200617 0.5933456561922367 0.0972927761996128 0.06284658040665442
