2 0.3350139505558729 0.3732106339468303 0.09682484120111934 0.16564417177914112
2 0.3461488072940016 0.5991820040899796 0.07068213407681714 0.1554192229038855
1 0.44926726317319365 0.549079754601227 0.11038031896927598 0.1451942740286298
2 0.5359254960481955 0.8721881390593049 0.08423761184497373 0.16155419222903888
2 0.64098044875141 0.9018404907975461 0.10844382214525361 0.1390593047034764
2 0.6463058150174716 0.8036809815950922 0.06680914042877227 0.16359918200409
2 0.7828288411110498 0.8773006134969328 0.0338886944203918 0.11451942740286299
2 0.7373211657465238 0.5593047034764826 0.04938066901257088 0.10838445807770974
2 0.838987249007699 0.4570552147239264 0.0881106054930187 0.19018404907975467
2 0.9053122652304657 0.6124744376278118 0.04260293012849246 0.11247443762781188
2 0.9120900041145441 0.9008179959100205 0.0871423570810073 0.1533742331288343
2 0.13313415665153908 0.49386503067484666 0.10360258008519767 0.19836400817995908
2 0.04792829639455407 0.49897750511247446 0.07455512772486189 0.2004089979550102
1 0.06051552575069958 0.2740286298568508 0.03388869442039177 0.07361963190184045
1 0.11038031896927603 0.2607361963190184 0.04841242060055967 0.07566462167689164
2 0.24932396609288227 0.4989775051124745 0.06680914042877237 0.13087934560327205
1 0.38100575012640453 0.9406952965235175 0.0590631531326828 0.11860940695296521
2 0.9807353365635575 0.8968416225690784 0.03852932687288501 0.15360144554715446
