0 0.15274743740547805 0.6682070240295748 0.2510502436565283 0.31238447319778184
0 0.6296420769618551 0.4935304990757856 0.32364308519576546 0.1922365988909428
0 0.7849100991430012 0.30591497227356745 0.10183162493698546 0.1349353049907579
2 0.8801882036632499 0.45841035120147877 0.09275751974458074 0.06284658040665426
0 0.7511342631490505 0.7698706099815158 0.4174088388506132 0.3271719038817006
0 0.5389010250378088 0.8530499075785581 0.28936313224668125 0.26802218114602583
2 0.24953789279112754 0.8179297597042514 0.1461939169887414 0.09426987060998143
2 0.3629642076961855 0.765249537892791 0.05646109897496217 0.08133086876155261
2 0.37556713157452537 0.8123844731977817 0.059485800705763765 0.06839186691312378
2 0.45622584439589986 0.666358595194085 0.166358595194085 0.1460258780036969
2 0.9018652327339943 0.28927911275415896 0.07360107544950438 0.06099815157116449
2 0.8696017476054445 0.33918669131238444 0.05545286506469509 0.06099815157116449
