2 0.4064214897856303 0.6654343807763401 0.17878387785966346 0.1441774491682071
2 0.6959058501572364 0.8530499075785581 0.16942890750654144 0.22365988909426973
2 0.687070600379288 0.644177449168207 0.22036152387353866 0.11645101663585955
2 0.669400100823391 0.31053604436229204 0.12473293804162573 0.05914972273567464
2 0.06132702787046594 0.46025878003696863 0.12057517344023813 0.09242144177449163
1 0.37056077009866284 0.4436229205175601 0.059248145569772176 0.06284658040665433
2 0.49841203159132924 0.5628465804066544 0.09874690928295365 0.10905730129390022
2 0.5327135895527761 0.29852125693160814 0.0613270278704659 0.07948243992606283
2 0.6283421753846893 0.3687615526802218 0.08003696857670989 0.03512014787430687
2 0.6210660873322611 0.5360443622920518 0.04885373406630329 0.036968576709796676
