0 0.6260054442005546 0.8724584103512015 0.12926366104436227 0.09242144177449163
0 0.47335121591959334 0.7994454713493531 0.11202850623844732 0.12014787430683924
0 0.40379505545286504 0.9038817005545287 0.044318969500924225 0.051756007393715324
2 0.37240245205637706 0.9648798521256932 0.10464201132162664 0.07024029574861373
1 0.06586291300831794 0.9297597042513863 0.10956634126617376 0.12569316081330884
2 0.3108483277495379 0.6940850277264325 0.07509603165434385 0.0573012939001849
2 0.6106169131238447 0.6487985212569316 0.07632711414048053 0.044362292051756
2 0.57799322724122 0.6090573012939002 0.09233118646025887 0.042513863216266184
2 0.6420095165203327 0.6783733826247689 0.04308788701478747 0.025878003696857662
2 0.5613736136783735 0.7125693160813309 0.10587309380776333 0.046210720887245885
2 0.39086868934842883 0.710720887245841 0.05786087684842883 0.07578558225508317
