0 0.47118452478623124 0.922879177377892 0.2161570858174261 0.15424164524421585
0 0.538970628452661 0.7017994858611826 0.12419551860562628 0.10282776349614395
0 0.2711444146657186 0.8290488431876607 0.12324746121169032 0.13110539845758354
0 0.4048205072107057 0.769922879177378 0.1687542161206221 0.1259640102827764
2 0.2630859268172619 0.5089974293059126 0.09575379678754398 0.0874035989717224
2 0.3863333880289522 0.583547557840617 0.10523437072690484 0.06169665809768631
2 0.6712246349067439 0.62853470437018 0.12703969078743454 0.08997429305912603
2 0.5920618425130812 0.5372750642673522 0.08437710806031092 0.0822622107969152
2 0.660796003573447 0.422879177377892 0.06826013236339762 0.06940874035989715
2 0.516691279695163 0.4267352185089975 0.12324746121169028 0.051413881748071974
2 0.4384765446954365 0.46529562982005146 0.04455869751499577 0.06169665809768638
2 0.10144214115116044 0.6580976863753213 0.12893580557530673 0.12853470437018003
0 0.04266258272712356 0.7957726309415921 0.08532516545424712 0.2644958692222143
2 0.11803314554504184 0.5295629820051414 0.1260916333934985 0.13881748071979444
0 0.6754908931794563 0.8483290488431876 0.2948458495141205 0.16966580976863754
0 0.9218855403015551 0.9138817480719794 0.15622891939688968 0.17223650385604117
