1 0.09680902811557544 0.8299445471349354 0.10617764373966337 0.0480591497227357
1 0.09680902811557544 0.9574861367837337 0.11034147290592468 0.08502772643253237
1 0.21391672341667475 0.8881700554528651 0.06349839478548497 0.046210720887245885
1 0.4876884910983559 0.8456561922365989 0.06974413853487704 0.07578558225508303
2 0.7630216947173849 0.810536044362292 0.1415701916528846 0.09426987060998143
2 0.8801293900184842 0.9584103512014787 0.13220157602879667 0.08317929759704257
1 0.7057690436812919 0.9399260628465804 0.0749489249927035 0.08317929759704241
2 0.5818951259850179 0.7994454713493531 0.09368615624087945 0.08687615526802218
1 0.5725265103609299 0.7181146025878004 0.0728670104095729 0.07208872458410355
2 0.5033028504718358 0.7578558225508317 0.05933456561922362 0.0554528650646948
1 0.46010312287187466 0.6922365988909428 0.054129779161396954 0.03881700554528649
1 0.3898385056912151 0.6866913123844732 0.05308882186983169 0.0314232902033271
2 0.3086438369491195 0.6931608133086877 0.10097285728183675 0.04066543438077631
0 0.6433198350494064 0.5447116228111046 0.33310633330090483 0.29020332717190395
2 0.36069170152738594 0.5988909426987061 0.09264519894931414 0.044362292051756
2 0.403891429127347 0.5101663585951941 0.07703083957583423 0.02957486136783736
2 0.4231578831403992 0.4693265229560633 0.042551208820025506 0.021760767725530813
2 0.34855885098056416 0.6513521813308895 0.07143746950554392 0.04133366134364671
2 0.4591263950748189 0.5779492999792412 0.061404117046900096 0.027080674673423673
1 0.8453244678840427 0.7234410430658067 0.05010944010652821 0.04255535547445916
1 0.8033850451861875 0.7311783804247994 0.057734789687956437 0.046424024153955516
