0 0.6285235674676525 0.6691312384473198 0.2422597042513865 0.3031423290203328
0 0.16427911275415893 0.8068391866913123 0.3140018484288355 0.29020332717190384
0 0.32647874306839186 0.5693160813308688 0.22250462107208877 0.32532347504621056
0 0.21990526802218122 0.3927911275415897 0.2734519408502773 0.1386321626617375
0 0.381065157116451 0.20609981515711645 0.09669593345656188 0.09426987060998152
0 0.4678835489833642 0.2615526802218115 0.10813308687615532 0.10166358595194083
0 0.544304528650647 0.43807763401109057 0.21314695009242143 0.1848428835489834
0 0.7132624768946397 0.3419593345656192 0.16427911275415893 0.1182994454713494
0 0.777206561922366 0.26247689463955637 0.12580868761552694 0.09611829944547136
2 0.5354667282809612 0.17837338262476898 0.06654343807763397 0.05730129390018487
2 0.6727125693160814 0.2236598890942699 0.08525878003696867 0.08872458410351204
