2 0.5266289279112754 0.790203327171904 0.20067005545286506 0.37523105360443637
2 0.7210605360443623 0.6469500924214419 0.2069085027726431 0.22920517560073939
0 0.21834565619223653 0.6127541589648797 0.33271719038817 0.4454713493530499
0 0.49439695009242146 0.42883548983364134 0.21938539741219962 0.22920517560073939
1 0.6337222735674676 0.4685767097966729 0.08421903881700545 0.10905730129390015
1 0.575496765249538 0.5 0.05094731977818867 0.09057301293900188
1 0.9430452865064695 0.7948243992606285 0.08317929759704257 0.15896487985212573
2 0.48295979667282807 0.3040665434380776 0.13620609981515713 0.0831792975970425
2 0.6404805914972274 0.32902033271719033 0.09981515711645109 0.133086876155268
1 0.7938424214417745 0.411275415896488 0.08421903881700558 0.11645101663585948
0 0.7158618299445472 0.2264325323475046 0.13828558225508317 0.08317929759704253
0 0.6326825323475046 0.1866913123844732 0.13204713493530498 0.07393715341959335
