1 0.5170409164555807 0.8946395563770796 0.20571187330275437 0.17744916820702414
1 0.7551972798429978 0.7421441774491683 0.1491065927295132 0.1719038817005547
2 0.8207765683119965 0.5249537892791127 0.20847310650144904 0.10351201478743065
1 0.34101230003879424 0.5194085027726433 0.1656739919216814 0.09611829944547125
2 0.4335136121950663 0.16635859519408502 0.2429885214851327 0.055452865064695
2 0.7020435407681249 0.3170055452865065 0.14220350973277646 0.07948243992606283
1 0.5149699915565598 0.4787430683918669 0.12701672713995577 0.088724584103512
1 0.43144268729604535 0.2929759704251386 0.11735241094452427 0.03881700554528649
1 0.2899294858629425 0.21719038817005548 0.09664316195431415 0.027726432532347474
1 0.9636703863444467 0.7070240295748614 0.06626959676867258 0.08687615526802234
1 0.8332021177061227 0.42791127541589646 0.12287487734191373 0.04990757855822558
1 0.516350608155907 0.5591497227356748 0.0773145295634513 0.042513863216266115
1 0.46388717738070784 0.37800369685767093 0.08835946235823007 0.042513863216266184
